57 23 21
40 11 11
55 25 25
85 32 30
53 24 24
41 17 17
28 9 9
60 25 24
16 5 5
55 23 23
57 24 24
63 26 25
48 18 18
65 26 25
41 18 18
63 26 26
67 25 24
59 24 24
72 28 28
86 32 30
58 27 26
41 18 18
51 25 24
78 29 28
61 27 24
47 22 22
22 10 9
51 22 22
76 29 28
51 18 18
57 19 19
71 32 32
66 28 28
79 30 29
58 26 26
8 2 2
76 29 28
47 17 17
41 17 16
49 19 18
64 32 31
62 27 27
49 19 18
69 28 28
74 31 29
67 25 24
47 18 18
56 23 23
46 18 18
26 9 9
61 22 22
33 13 13
80 33 31
69 29 29
76 30 30
50 24 23
50 20 20
23 8 8
62 24 23
69 31 31
15 7 7
68 28 28
54 23 22
56 21 19
79 31 31
63 30 29
73 26 25
76 33 32
75 33 33
76 28 28
59 25 23
69 26 24
12 6 6
47 16 16
69 26 26
41 15 15
42 15 15
80 31 28
58 25 24
67 28 27
69 31 31
51 21 21
17 5 5
20 9 9
69 28 28
69 31 31
53 19 18
59 22 20
53 19 19
45 20 20
52 22 22
43 20 20
70 30 30
64 26 23
77 29 27
77 28 27
37 17 17
24 9 9
33 12 12
49 22 22
