878 395 210
712 307 186
430 187 139
153 63 54
169 73 61
907 378 217
558 235 154
176 76 64
32 18 17
34 9 9
405 169 125
726 321 200
177 73 63
120 53 50
121 51 48
719 301 189
701 307 188
221 96 87
1433 620 266
73 36 34
1431 618 260
1577 686 288
383 165 125
1013 451 229
2054 919 304
519 232 153
444 202 149
346 143 109
219 103 87
422 181 141
457 205 147
20 9 8
1498 659 273
1645 714 287
533 222 161
1534 676 280
33 12 12
74 33 32
842 380 224
23 9 9
518 237 165
365 157 123
277 114 102
174 69 62
1764 766 283
1953 830 304
410 179 133
837 371 228
250 110 87
370 166 129
1524 664 274
1310 579 255
1131 481 252
351 155 128
201 89 78
821 369 221
53 17 17
670 283 189
702 296 195
508 228 154
1124 487 250
216 97 87
888 381 214
202 91 78
489 211 155
965 404 219
763 340 209
2466 1090 307
103 43 41
460 205 152
436 193 136
756 329 222
179 81 73
88 34 34
1316 568 269
605 272 179
1165 503 257
667 296 191
957 421 236
14 4 4
190 82 74
2904 1258 310
2484 1053 309
2715 1189 317
64 26 25
482 206 151
81 39 35
436 190 142
1738 760 296
551 240 170
524 231 166
163 65 57
69 28 28
344 146 116
551 238 167
768 322 195
494 209 157
36 16 15
